302771290
172171873
49547177
409319605
37435039
1981621672
358232450
148158540
323292655
1102093577
357358259
457173024
420116962
149861542
254003502
259901124
396903513
32268776
365089053
283819432
270622446
229804573
50897998
63454475
181862539
371066950
258314976
141148940
377506471
291145873
323968843
53292822
338465029
168384614
125267683
5205367
66563761
135443051
275259749
346783960
91638523
282925798
242991317
123042728
427312571
260131665
169168102
188512866
661540044
455509774
2236015
53085065
410359089
56332484
338104678
370960295
150284425
125958765
339566276
27112021
177631209
294327312
71847068
296449358
409455615
290548579
268944966
84342725
320855910
126586580
139825840
282270717
292152376
365198355
86396382
366557556
60658382
449650980
341258182
87597187
143022742
35516889
308172249
50758245
413376180
664915372
394508465
236973844
129979528
194179013
379783522
461738957
353129911
270371961
369960846
236445129
14948284
16288184
426588729
376740324
393639812
266394699
161687209
150442264
100100827
329277372
231048083
27848472
327831847
169815759
19342878
268301217
120258315
1883519478
166527623
348517784
234933888
446549906
281459670
243475355
424719589
376981340
52640302
309257814
24733359
141332108
382474101
468155076
468184895
102643159
207077681
27916356
15445551
203189770
56658270
384812248
14770122
11491822
442918617
2041563029
26017005
361343239
293457754
104024556
294179385
129538133
419666736
299096773
287145649
278968371
88977253
102068384
325670253
166833457
78055054
55748194
392476080
214299836
159742538
8677530
138294130
233831759
150247134
51637609
2016376984
427740976
35857242
465088681
269892793
348054109
10974783
98545929
327952677
364395234
423275733
388843945
30562668
20303110
198588220
65628544
100566492
179317684
423903685
84339983
272213425
25155310
1717732429
232679662
26533207
387079085
408203470
281408474
395171208
93997745
394698182
340110295
41330864
407594410
49418981
441422527
468148930
25858367
268644785
51234631
441420236
8767448
9348006
8260536
327369524
138644215
410418820
458876004
128501004
178162579
63315565
401604346
128886984
